4.8407 3.1221 3.8241 W
1.449 -4.5055 3.1413 P
4.8319 -3.6707 -9.7046 O
-5.0428 5.9333 -4.4706 B
4.4585 3.7524 7.6511 W
0.5469 -5.3398 7.2324 P
5.3596 -3.0016 -1.7029 O
-9.8946 0.9786 -1.7401 B
1.435 2.2506 4.7085 W
1.2262 -8.3734 9.7483 P
4.1675 -2.0973 -5.0775 O
-7.9776 5.207 -1.8724 B
2.3468 2.5708 3.365 W
0.9431 -9.0894 6.6373 P
4.9992 -1.72 -2.2213 O
-5.6171 2.1033 -4.8756 B
0.8981 2.9281 7.5392 W
0.5782 -9.9212 7.1492 P
4.1405 -2.0031 -8.537 O
-8.6349 1.8258 -6.9466 B
4.963 3.2821 1.3247 W
1.237 -4.3194 4.8228 P
5.3677 -2.9 -9.2822 O
-3.5429 0.4884 -2.7242 B
4.9183 3.4273 8.8353 W
1.5709 -4.4578 5.1948 P
5.6289 -3.3558 -8.1385 O
-9.3653 4.9228 -1.3463 B
2.6749 2.3159 2.2238 W
1.6964 -6.2583 2.9745 P
5.9727 -2.6443 -3.8313 O
-7.1828 1.8071 -1.6361 B
1.5541 3.2357 5.6327 W
0.7405 -6.8372 2.1685 P
4.5499 -3.3711 -3.6619 O
-6.3276 5.1637 -7.4735 B
3.7686 2.1691 8.9921 W
1.9158 -5.1625 9.2548 P
5.7191 -0.3032 -3.7964 O
-4.4229 2.4454 -8.9613 B
1.8903 2.5221 3.0505 W
0.1473 -7.3767 3.0705 P
5.2313 -1.5337 -6.424 O
-4.9674 1.5651 -1.0299 B
2.7093 3.0489 3.3723 W
0.6485 -8.2656 3.2155 P
4.6219 -0.7639 -8.2685 O
-3.1949 5.259 -2.6528 B
2.475 3.6841 4.7479 W
1.8621 -7.1053 6.5023 P
4.6741 -1.4697 -4.0059 O
-7.2667 4.6669 -6.2152 B
4.8836 2.5043 8.3786 W
1.526 -8.397 7.9138 P
5.9662 -2.3197 -3.7104 O
-6.1138 3.553 -3.7432 B
3.5767 3.4403 1.868 W
1.1998 -5.4478 6.1916 P
4.6855 -1.5406 -1.7522 O
-9.3325 3.8882 -4.7815 B
2.9779 2.4976 1.8546 W
1.4134 -6.1887 2.1982 P
4.7701 -0.7295 -3.2349 O
-7.4366 3.5988 -6.6221 B
5.3853 3.622 6.4281 W
1.5261 -8.8674 7.8456 P
4.5656 -0.2718 -3.8363 O
-4.1405 5.2356 -6.6969 B
1.8362 3.2338 1.242 W
0.107 -7.0027 7.7778 P
5.0633 -1.5892 -9.2545 O
-9.1462 0.3459 -3.0737 B
5.9438 2.8595 6.9254 W
1.7299 -5.3592 3.9453 P
4.3898 -3.1655 -3.0871 O
-8.7637 2.3933 -8.6276 B
1.1728 3.4571 5.9017 W
0.1003 -4.1207 1.0609 P
4.4651 -3.7041 -4.3927 O
-5.9555 2.3201 -7.8844 B
4.1464 2.7039 5.1068 W
0.4138 -4.2914 7.6842 P
4.7853 -0.2781 -8.5091 O
-6.4297 5.2725 -3.7305 B
3.9267 3.2583 2.1874 W
1.8882 -4.4209 4.7768 P
5.3553 -0.9484 -9.8075 O
-8.2398 1.021 -8.0163 B
0.4487 2.2434 7.9658 W
1.0446 -7.5087 6.7418 P
5.3599 -0.1639 -5.727 O
-5.1034 0.4695 -9.7187 B
1.4204 3.505 6.4059 W
1.7596 -6.3849 9.6684 P
5.594 -1.0475 -7.7626 O
-3.4501 5.831 -7.3113 B
1.3284 2.313 7.4523 W
1.966 -9.6173 1.7851 P
4.8043 -0.8192 -5.0657 O
-9.9647 4.576 -4.9322 B
4.4698 3.2616 7.5982 W
1.0025 -7.4252 4.1803 P
5.1708 -0.4088 -8.0456 O
-7.3454 0.3638 -2.3183 B
4.2582 2.4133 2.6372 W
1.4341 -4.4416 7.057 P
5.927 -0.7849 -7.8851 O
-7.2612 4.9697 -4.6206 B
2.7322 3.359 1.5085 W
1.1392 -5.3624 8.4065 P
5.4263 -0.2354 -6.451 O
-5.4102 1.1081 -3.1532 B
5.4415 2.3184 6.7289 W
0.7076 -8.5414 8.0227 P
5.0814 -0.9866 -7.1474 O
-8.437 3.9637 -7.4239 B
0.9238 2.5438 2.0019 W
1.1891 -8.4599 4.0145 P
4.1 -0.2148 -6.8152 O
-5.5326 5.6855 -2.1415 B
5.0713 3.3599 8.3072 W
1.3962 -8.8643 8.5992 P
5.7172 -3.6936 -8.4804 O
-5.9056 0.9111 -3.2707 B
0.9577 2.9546 6.6344 W
1.296 -9.2905 2.8952 P
4.4337 -1.9397 -2.9961 O
-4.5015 5.3867 -6.497 B
4.1073 2.3647 5.1119 W
0.7207 -8.6786 1.4478 P
4.1485 -0.2163 -1.5461 O
-9.1966 4.4677 -3.5426 B
2.4834 2.3157 3.31 W
1.268 -8.029 3.184 P
4.6655 -1.4628 -3.2367 O
-4.8652 0.2163 -2.6489 B
1.5845 2.2614 2.4998 W
0.1983 -5.9166 5.3351 P
5.4917 -2.1638 -6.8767 O
-4.3347 4.1993 -3.5595 B
5.4908 2.5793 4.143 W
1.7169 -5.7016 5.4867 P
5.256 -2.8692 -7.6378 O
-3.1849 2.2712 -1.8396 B
4.7729 3.0652 8.6192 W
0.8359 -4.4608 8.7456 P
5.961 -1.2489 -4.6693 O
-9.5396 1.6118 -4.5202 B
4.5066 2.7209 8.9929 W
1.1781 -5.1488 1.6673 P
5.1342 -0.7867 -6.8677 O
-9.1636 2.7927 -2.2734 B
3.5689 2.3869 6.6339 W
0.173 -8.6955 9.3217 P
5.118 -0.9845 -5.367 O
-7.4469 2.3727 -8.131 B
3.5513 2.5605 7.5175 W
1.9943 -5.4983 9.3595 P
5.7887 -3.0446 -1.2767 O
-9.8341 1.8917 -2.3569 B
3.2242 2.3833 3.328 W
1.1673 -5.6534 2.9541 P
4.5573 -0.3427 -2.3928 O
-8.7976 1.7671 -5.4287 B
1.0927 3.0368 5.3882 W
0.2948 -9.8092 7.2766 P
4.829 -3.953 -4.5818 O
-7.5158 0.2772 -8.5261 B
1.5894 3.7913 5.1434 W
1.1822 -8.2426 7.4275 P
5.8624 -0.7274 -5.9047 O
-7.7795 2.6257 -9.4991 B
5.7199 3.1429 7.0278 W
1.8959 -9.446 3.2801 P
5.7845 -1.7749 -1.9486 O
-4.4247 3.0965 -9.756 B
4.7179 3.7447 2.7071 W
1.5999 -7.7352 9.5125 P
4.6851 -1.4714 -3.8561 O
-7.8628 0.8755 -9.3224 B
1.1481 3.5618 1.7317 W
0.7768 -9.8889 2.5644 P
5.7724 -1.656 -6.3682 O
-6.7066 5.1971 -8.282 B
0.4587 2.5413 4.7043 W
0.9597 -8.442 2.2893 P
4.6677 -2.4277 -9.7774 O
-6.7664 5.7368 -3.8038 B
5.2866 3.601 3.5738 W
1.0894 -5.0431 8.4292 P
4.109 -3.4417 -1.0025 O
-5.5027 5.2542 -6.2096 B
5.1875 3.4261 3.8353 W
1.7146 -7.7928 7.5448 P
4.3421 -2.0465 -5.666 O
-7.138 5.6703 -1.8627 B
1.7917 3.4092 1.3664 W
1.9075 -6.8256 4.0522 P
4.5686 -1.5838 -8.5702 O
-8.3315 3.1827 -3.5808 B
3.2744 5.3626 4.4364 W
-5.6318 -8.3792 6.1952 P
9.2761 -0.5031 -1.7797 O
-3.8147 1.9068 -7.3405 B
0.5026 6.4923 1.4817 W
-5.0046 -7.3986 5.098 P
8.4054 -3.3117 -2.3389 O
-4.803 3.2437 -6.1704 B
3.3377 6.7658 2.9846 W
-1.2427 -5.4076 5.0054 P
8.3458 -2.666 -2.0491 O
-9.9604 2.17 -4.1724 B
4.8767 9.4223 2.1911 W
-5.2676 -4.912 1.7727 P
7.9373 -5.8635 -9.1492 O
-7.707 1.3617 -4.242 B
0.1295 5.3679 3.3301 W
-1.8603 -5.0383 4.3695 P
8.8208 -3.0079 -7.5505 O
-3.5862 3.633 -4.7234 B
3.6761 7.8545 9.9328 W
-3.8991 -7.3126 8.5222 P
6.839 -4.2714 -7.2894 O
-4.9341 2.9513 -7.4899 B
4.6765 7.2925 1.3843 W
-2.9827 -6.6489 8.7288 P
6.5973 -1.8096 -2.872 O
-6.3883 2.7786 -4.429 B
2.4369 5.4211 4.1689 W
-2.4734 -4.7883 8.131 P
6.8981 -3.8388 -6.968 O
-6.7921 2.7174 -6.1319 B
5.662 5.9955 1.414 W
-5.1142 -7.6024 2.0781 P
8.1553 -0.6005 -1.3163 O
-7.3789 3.7569 -5.3534 B
2.7704 8.5768 2.4218 W
-0.7404 -7.0017 7.7396 P
8.0574 -5.1851 -5.9215 O
-8.1547 5.9648 -9.1195 B
2.3285 9.3106 6.4237 W
-4.0379 -4.6242 9.141 P
7.1449 -4.2697 -7.713 O
-4.4879 1.5995 -9.2427 B
2.0063 4.5983 2.6976 W
-1.7597 -8.2654 7.5374 P
7.1174 -3.1279 -1.7888 O
-7.2729 3.8885 -5.6287 B
1.0535 7.9536 2.3727 W
-5.8143 -4.2784 6.2506 P
7.4506 -0.8697 -3.7736 O
-9.5287 2.0672 -7.551 B
3.5215 4.4524 9.9635 W
-0.7011 -5.2538 5.9446 P
6.3247 -1.6916 -7.6535 O
-5.977 4.4417 -2.9053 B
2.5398 9.4746 5.1577 W
-5.9163 -9.8497 9.8762 P
9.4718 -0.1249 -3.8933 O
-3.8047 5.4552 -9.3698 B
7.0434 9.5653 6.4338 W
-5.6048 -8.4417 2.1854 P
8.3968 -5.6324 -3.6628 O
-5.8909 5.5773 -9.0297 B
4.3129 5.1443 7.5797 W
-1.827 -8.0646 8.4081 P
9.1961 -0.2179 -4.7931 O
-4.378 4.4306 -1.2778 B
3.2432 4.2965 3.2334 W
-3.2841 -4.3326 3.0237 P
6.8369 -1.6831 -9.7256 O
-6.0445 1.6472 -8.8522 B
7.7716 6.311 5.4296 W
-3.4399 -8.8046 3.6853 P
6.9224 -0.381 -5.1739 O
-9.2606 4.8365 -4.3191 B
7.2256 5.2199 8.4793 W
-3.3962 -4.7136 3.6158 P
7.4837 -5.735 -1.3945 O
-6.8647 4.1339 -4.752 B
5.2866 7.6689 7.9925 W
-3.1815 -8.3372 7.5179 P
7.3313 -3.7558 -3.7161 O
-3.756 4.6845 -3.061 B
7.0058 7.5863 8.7877 W
-0.7028 -8.3718 9.3164 P
7.315 -4.1517 -1.2024 O
-9.0832 5.6291 -7.6206 B
6.6103 6.6216 6.8223 W
-0.5703 -4.6718 2.9124 P
6.6006 -0.9945 -4.9877 O
-8.9611 4.8756 -9.7144 B
0.4775 9.647 7.1712 W
-3.3888 -4.2728 7.2313 P
9.7968 -5.3029 -4.9424 O
-3.625 2.279 -1.6921 B
1.3391 8.5867 9.4853 W
-0.6997 -4.0215 2.0231 P
9.5606 -4.04 -3.8026 O
-4.1775 4.4879 -9.8747 B
5.9593 6.6899 2.2429 W
-0.4236 -4.1413 3.2243 P
7.2149 -5.9258 -2.4474 O
-8.535 4.6115 -8.9115 B
2.802 6.5568 1.4555 W
-2.4345 -6.1186 4.1901 P
9.3887 -0.7302 -4.4673 O
-6.7524 0.4404 -1.1653 B
5.6717 5.6799 1.3531 W
-1.1415 -7.8309 9.6798 P
9.1762 -1.4768 -7.9724 O
-3.9094 2.504 -9.8325 B
3.7277 7.8838 9.1204 W
-0.154 -5.5258 5.824 P
6.2217 -4.3358 -9.8056 O
-8.5764 2.929 -7.3923 B
4.3089 8.3123 6.8036 W
-1.8867 -4.6678 4.0185 P
8.5619 -5.8179 -1.5174 O
-9.8838 2.9568 -8.4637 B
0.2947 7.8996 9.5845 W
-2.8659 -9.6651 6.8633 P
8.7918 -3.5996 -4.6142 O
-3.4276 4.6396 -8.2198 B
7.5479 4.149 9.6631 W
-2.0154 -5.659 7.2923 P
6.8892 -1.3785 -2.0817 O
-8.2647 3.4476 -2.52 B
1.5327 8.0645 9.7474 W
-1.4686 -9.4387 2.4303 P
8.7675 -0.7131 -3.4589 O
-3.5375 2.3605 -7.4238 B
1.1846 4.8582 4.5314 W
-5.0811 -4.0615 8.7632 P
9.6002 -0.9448 -3.5209 O
-6.5181 4.3466 -6.7257 B
0.6472 4.2363 4.2552 W
-1.34 -4.9474 4.2409 P
9.4056 -1.8383 -3.364 O
-5.0819 1.9624 -5.8996 B
1.5164 6.9631 3.5851 W
-2.6542 -6.4645 2.1468 P
7.5409 -3.7749 -7.758 O
-5.5928 1.7943 -1.6225 B
5.8354 5.8014 9.7172 W
-4.8382 -4.4949 7.655 P
9.488 -2.1425 -4.7536 O
-8.86 4.1623 -1.0487 B
7.7036 9.0032 1.441 W
-5.9621 -8.7602 7.1796 P
9.0871 -1.9805 -9.4774 O
-3.3892 2.0684 -3.8445 B
7.2046 9.7806 4.7965 W
-5.5581 -8.1839 4.5817 P
7.2329 -5.1149 -7.4125 O
-8.5992 0.2626 -6.116 B
2.1182 4.1605 3.2047 W
-3.1222 -4.8345 3.8815 P
8.3119 -1.6156 -5.8722 O
-3.6464 0.5904 -7.2353 B
2.7164 4.3269 1.0915 W
-4.4544 -5.8953 9.9419 P
7.9609 -2.7848 -4.3838 O
-4.1126 3.8643 -2.4198 B
4.2307 6.8717 5.339 W
-4.1145 -8.3983 1.5404 P
9.059 -2.9929 -6.0751 O
-6.0298 2.626 -4.4682 B
6.7083 6.3874 8.2437 W
-0.9631 -9.6428 3.9411 P
7.714 -0.5039 -5.1225 O
-7.4278 2.5088 -4.4984 B
4.4526 7.3388 2.7021 W
-0.3518 -5.4942 4.5338 P
6.3596 -1.1249 -2.6127 O
-4.838 2.8567 -6.3895 B
5.2768 5.3197 5.6978 W
-5.9186 -9.374 5.999 P
7.6886 -1.8397 -3.1589 O
-7.3727 0.5674 -5.0364 B
0.6019 5.6426 9.27 W
-3.2277 -9.1388 4.7375 P
6.0238 -0.496 -4.3891 O
-4.0743 1.7894 -1.2487 B
4.6969 6.0971 3.7741 W
-1.338 -6.7481 5.4933 P
6.4728 -3.6911 -7.8973 O
-5.2822 5.171 -1.3543 B
7.3196 8.7438 4.3058 W
-0.3738 -8.6952 7.9375 P
6.7209 -5.8925 -1.5113 O
-5.7752 1.1654 -7.4771 B
2.1186 8.213 7.3123 W
-4.766 -9.3655 9.9833 P
8.0229 -1.6646 -7.6981 O
-7.0206 2.139 -3.5794 B
1.4967 7.7772 8.7417 W
-4.6952 -6.5719 3.5735 P
9.8547 -1.8538 -5.157 O
-5.4531 3.0621 -4.1285 B
4.2764 6.7847 2.8091 W
-3.9388 -7.4381 5.743 P
7.413 -0.6277 -4.035 O
-3.9926 2.3307 -9.5795 B
5.3195 6.9823 7.9697 W
-1.0556 -4.7651 6.5247 P
9.669 -0.5274 -8.1001 O
-3.5188 1.7855 -1.3624 B
0.3485 8.4257 5.1321 W
-5.453 -5.8201 5.4482 P
6.6245 -5.9999 -4.0449 O
-3.813 5.4914 -9.2869 B
2.7701 8.3781 2.4773 W
-5.3217 -8.8799 3.532 P
9.0842 -4.9989 -9.4513 O
-8.5683 2.7969 -4.8792 B
3.3144 4.0382 8.5665 W
-4.3564 -9.3369 2.1541 P
9.1139 -1.0528 -7.8723 O
-5.7199 2.0489 -9.3674 B
5.5408 7.7823 6.1159 W
-0.6313 -6.4739 6.816 P
9.8613 -2.3101 -1.3225 O
-3.8382 0.913 -8.6169 B
0.7062 9.1853 6.3781 W
-2.6883 -7.7925 2.8927 P
7.1418 -2.9492 -9.6195 O
-6.9405 1.372 -8.9147 B
2.0212 8.6794 8.4796 W
-2.7106 -9.1884 2.5971 P
7.9303 -2.9782 -6.5196 O
-4.5755 3.1366 -3.8597 B
5.1499 5.1106 9.1839 W
-5.1008 -7.7679 8.4934 P
6.2452 -3.506 -3.8385 O
-7.9164 1.4465 -4.3467 B
6.6238 4.2698 6.5597 W
-4.3653 -5.3586 3.8607 P
6.9593 -0.7066 -6.6243 O
-5.809 2.9064 -8.7378 B
5.4144 4.3351 5.6905 W
-3.7671 -4.0141 7.0911 P
7.7025 -2.1976 -5.2194 O
-5.5879 4.7527 -6.8249 B
0.8246 5.2991 8.4009 W
-3.4365 -6.6472 4.3307 P
6.9333 -0.7797 -1.7616 O
-5.5328 4.9202 -6.418 B
7.0388 5.0476 9.1534 W
-5.9549 -5.1237 8.1952 P
9.1527 -2.3807 -2.2553 O
-5.2219 4.9637 -9.6838 B
3.0619 4.9859 4.655 W
-4.0641 -8.8983 3.633 P
6.7375 -0.4909 -2.5033 O
-6.6454 2.3884 -9.6532 B
0.2276 9.7294 9.0266 W
-2.0829 -5.4563 6.8319 P
6.5953 -2.592 -4.707 O
-5.2155 0.8211 -2.7447 B
7.2608 5.092 1.303 W
-4.7346 -8.745 9.2175 P
9.5257 -3.0977 -8.108 O
-6.5463 5.5304 -4.948 B
5.3027 6.8702 8.5218 W
-3.6332 -8.3368 7.2662 P
8.0097 -2.6926 -1.2814 O
-9.9063 2.3375 -4.4558 B
3.7568 6.3454 1.933 W
-2.4736 -8.097 3.1834 P
6.4417 -2.9394 -7.674 O
-4.7187 2.478 -4.9264 B
5.8431 5.9974 3.6463 W
-1.7253 -8.701 3.4002 P
8.6142 -4.3586 -7.2927 O
-3.6865 5.8196 -7.3672 B
3.6155 9.0643 2.1629 W
-4.0133 -6.3995 6.4161 P
7.2458 -3.4514 -9.4216 O
-4.7412 2.1525 -1.2157 B
1.2433 5.3189 8.9955 W
-2.735 -5.8663 7.2788 P
6.1816 -4.904 -4.4961 O
-8.3244 1.3084 -2.6706 B
6.4168 6.0247 7.7927 W
-2.4133 -7.285 1.2104 P
8.763 -3.7676 -5.7064 O
-7.6745 4.5529 -2.3757 B
2.5412 8.2528 2.0909 W
-4.5455 -6.9528 8.7262 P
9.3329 -4.0692 -9.2508 O
-3.562 1.003 -3.5146 B
2.9341 7.3307 6.8538 W
-2.8049 -7.2158 8.7467 P
8.7856 -4.4152 -7.3653 O
-7.9322 1.5979 -8.2063 B
0.2635 6.1916 2.4341 W
-5.4825 -5.5665 3.679 P
9.4601 -3.7402 -8.6006 O
-6.6835 3.8326 -2.3591 B
2.2869 6.5477 6.2876 W
-4.0288 -5.0529 1.1665 P
9.0279 -5.8405 -4.0102 O
-8.3011 2.7773 -5.8776 B
5.4747 7.4068 2.368 W
-1.6029 -7.8508 5.7631 P
6.5876 -4.413 -2.1475 O
-7.565 3.031 -2.2295 B
5.8269 8.5162 9.7353 W
-4.5768 -5.7092 8.82 P
9.6412 -2.8127 -7.2966 O
-5.7412 4.5062 -2.8057 B
6.6305 6.4165 6.3007 W
-3.8571 -4.6286 8.7863 P
7.9646 -3.2893 -7.9711 O
-8.6296 1.2507 -2.6395 B
0.1032 9.6248 5.4924 W
-4.79 -9.2894 9.0988 P
7.8842 -0.2416 -1.7923 O
-4.7353 4.5783 -5.0831 B
1.5855 4.2793 3.8754 W
-0.5495 -9.6151 8.8329 P
9.946 -3.2009 -8.0221 O
-7.1319 2.3633 -5.4251 B
1.0522 7.9434 8.9023 W
-3.8362 -4.5544 9.2079 P
7.2962 -3.7454 -7.6626 O
-8.4381 4.9133 -5.9769 B
0.1569 7.7593 6.023 W
-4.1887 -4.0246 1.9805 P
6.9434 -1.15 -2.5326 O
-6.4226 2.1039 -7.8242 B
1.7287 8.6591 1.3819 W
-4.6792 -7.6508 3.4461 P
7.4099 -3.5966 -2.1573 O
-9.0035 2.8294 -4.4076 B
3.536 7.0067 2.5051 W
-0.311 -4.6273 9.6561 P
7.2095 -0.3264 -8.3982 O
-3.8693 4.1428 -1.2299 B
2.7034 6.6146 7.5228 W
-1.0838 -6.9135 7.7528 P
7.6412 -5.5202 -1.3696 O
-3.4435 1.1398 -5.696 B
0.3763 7.209 5.7568 W
-1.3671 -6.7888 8.2388 P
8.5969 -1.9645 -5.2984 O
-5.3641 3.7991 -5.9084 B
6.4502 4.0265 5.2973 W
-5.5348 -5.489 5.7793 P
6.16 -5.1145 -4.8931 O
-4.9727 1.4011 -8.1763 B
2.408 6.8738 6.7707 W
-3.6451 -4.26 6.5014 P
6.5812 -5.2878 -4.8608 O
-7.7964 1.727 -5.6616 B
6.7938 8.0057 9.6599 W
-2.4614 -9.0475 2.6958 P
8.7839 -1.2434 -3.5953 O
-4.9034 5.3787 -3.7653 B
0.1166 9.7807 5.3805 W
-0.9549 -9.3885 3.4099 P
8.823 -4.5237 -2.8746 O
-9.7002 4.4615 -7.3212 B
2.9545 8.7583 1.0893 W
-5.9719 -9.7013 3.2121 P
6.8647 -4.2966 -8.8269 O
-9.118 5.4593 -9.6141 B
2.3117 4.8598 5.8502 W
-3.2475 -6.7611 3.9191 P
8.5474 -4.4677 -2.9164 O
-8.0442 2.4526 -6.855 B
4.1145 9.6346 7.4711 W
-3.865 -5.102 5.5734 P
9.2915 -4.0423 -9.1974 O
-6.5759 1.1844 -3.743 B
6.5161 8.183 3.3845 W
-5.4618 -8.7502 8.4047 P
8.934 -1.7079 -3.7256 O
-9.067 1.6911 -3.3724 B
5.88 4.2568 8.077 W
-0.9216 -6.515 1.418 P
6.7863 -3.4822 -4.072 O
-4.2335 3.964 -3.6046 B
0.8155 4.7382 5.435 W
-3.5986 -9.3707 8.6051 P
6.3477 -3.6819 -2.3718 O
-9.3491 4.4168 -7.5865 B
1.4199 8.4049 5.1989 W
-2.1252 -7.5202 6.8375 P
9.1532 -0.5688 -2.9658 O
-9.0228 0.2439 -8.0949 B
3.4081 7.6759 3.4094 W
-5.3772 -6.8767 6.8047 P
9.5006 -3.9655 -7.166 O
-8.5692 2.2782 -7.7726 B
7.5051 8.5877 9.7694 W
-4.8391 -7.9879 1.3593 P
8.9633 -4.5766 -1.1639 O
-6.1755 2.2143 -2.123 B
1.1523 7.5099 8.1427 W
-3.629 -8.8765 6.1297 P
8.1479 -0.9751 -8.9465 O
-8.9017 2.2195 -1.1363 B
1.2733 6.3743 2.5601 W
-0.3225 -6.939 7.0043 P
9.6783 -4.6671 -9.5352 O
-7.2978 1.0181 -9.1655 B
7.5055 6.1615 3.7822 W
-3.8837 -4.1976 1.2983 P
6.8049 -0.5788 -4.5369 O
-6.4036 5.6057 -4.8257 B
1.237 8.3321 4.4318 W
-5.0865 -7.2348 6.9826 P
7.61 -5.4104 -6.6382 O
-5.9496 1.1083 -6.1741 B
4.6696 4.5092 3.566 W
-1.9593 -6.5012 3.4755 P
8.3632 -4.965 -9.5277 O
-9.1587 0.7106 -4.6108 B
7.6498 6.3093 4.7874 W
-0.7992 -7.5436 4.8224 P
9.5447 -5.295 -2.5224 O
-7.5888 3.3141 -3.9327 B
7.4897 4.0373 6.0745 W
-1.5751 -8.1542 8.0829 P
8.3756 -0.5148 -2.5858 O
-3.1013 5.3887 -1.6696 B
4.752 4.525 9.9309 W
-0.7111 -4.4752 5.0764 P
7.8967 -0.5629 -1.8256 O
-3.0633 3.9965 -8.7206 B
4.1807 7.242 3.8444 W
-5.2661 -7.7804 7.6104 P
9.3309 -3.4457 -2.0327 O
-5.902 1.3744 -1.4028 B
1.5797 5.8333 7.1182 W
-4.6693 -6.4031 7.258 P
7.5769 -3.25 -5.0004 O
-8.8685 3.9252 -5.8561 B
3.6382 5.203 6.4295 W
-2.2469 -4.8347 3.919 P
9.525 -5.826 -9.56 O
-7.2098 2.288 -2.5072 B
5.0349 8.2328 2.6367 W
-5.2559 -9.0243 9.2941 P
9.187 -3.6069 -9.7884 O
-6.2418 0.9117 -9.2803 B
5.4774 4.2678 7.2657 W
-0.4793 -5.0114 9.6387 P
8.0767 -5.0982 -9.9938 O
-5.4477 1.9803 -8.3305 B
1.4572 5.9895 9.2306 W
-0.2967 -5.4021 2.9349 P
9.1202 -2.352 -7.2877 O
-3.1833 0.3599 -6.5478 B
3.6394 5.8355 9.2474 W
-1.3022 -4.0543 7.833 P
7.5533 -2.5781 -8.8013 O
-3.9963 1.5926 -1.7341 B
2.7274 5.3207 7.1244 W
-4.7318 -6.9484 3.0462 P
7.9091 -1.0003 -5.9092 O
-7.1013 0.6847 -8.2376 B
1.3066 6.8637 5.8528 W
-2.5013 -4.6376 4.7306 P
7.5257 -1.1358 -1.0003 O
-9.8171 2.1143 -2.4995 B
5.065 5.3768 1.619 W
-3.402 -9.007 9.08 P
6.9193 -4.2727 -4.6431 O
-3.8589 2.2288 -1.7747 B
4.5525 4.2706 1.8321 W
-5.3991 -4.4373 7.4076 P
7.3431 -5.4963 -1.2331 O
-6.4147 1.0594 -9.1042 B
6.4523 7.2109 5.7521 W
-4.4855 -9.8226 4.9531 P
6.3487 -5.5989 -2.1533 O
-4.1224 0.5611 -3.2071 B
5.2764 4.2311 4.2312 W
-4.4448 -6.8811 7.5125 P
7.7066 -2.5961 -6.9599 O
-5.3916 5.8087 -6.2425 B
5.0477 7.9834 6.8413 W
-2.9658 -4.9274 9.2306 P
7.3023 -4.1244 -5.6071 O
-4.1691 4.4823 -3.8511 B
0.8505 4.6783 2.9769 W
-3.585 -8.3297 4.8276 P
9.0122 -4.1102 -5.0236 O
-5.533 5.3273 -8.0041 B
0.1264 7.4734 4.5149 W
-4.1688 -4.0733 5.4615 P
8.9282 -5.7993 -8.1023 O
-5.0933 1.2668 -8.6109 B
0.3937 9.1279 7.2351 W
-3.4056 -9.9367 9.0485 P
6.2322 -0.9422 -1.2629 O
-5.3707 4.7616 -5.3896 B
3.6953 6.0175 4.9368 W
-4.2629 -9.9174 9.1474 P
8.121 -5.6015 -1.4204 O
-3.8016 0.7896 -6.2072 B
5.2526 4.0726 8.3669 W
-1.2728 -8.768 2.723 P
9.8764 -3.9706 -5.9118 O
-5.8042 1.8194 -7.8064 B
6.2406 6.9971 2.6539 W
-1.1753 -4.555 7.0237 P
8.5386 -4.418 -2.9583 O
-4.2116 4.5373 -9.8878 B
5.3072 5.0857 7.5718 W
-2.0992 -4.6909 4.5157 P
6.3834 -5.8359 -7.5767 O
-8.9716 5.9964 -1.4196 B
0.6126 9.3446 3.8308 W
-2.367 -4.4881 3.6489 P
6.127 -2.9797 -8.7741 O
-5.5512 4.0893 -1.6547 B
5.3141 7.345 9.1305 W
-0.4298 -5.8389 5.0402 P
7.6071 -4.7291 -6.9721 O
-6.2353 4.4629 -7.8483 B
0.6675 8.1829 6.1664 W
-2.5127 -7.1548 3.4193 P
7.2461 -2.4003 -3.1503 O
-8.6302 2.4318 -6.5578 B
1.3813 6.1426 3.8201 W
-5.6849 -8.8728 4.5406 P
9.0016 -2.953 -8.6398 O
-5.3165 3.5898 -3.5179 B
0.9539 9.4433 3.7019 W
-1.8687 -7.5451 8.4383 P
8.057 -3.3042 -6.5381 O
-5.3563 3.7644 -9.696 B
2.2994 5.1914 2.5446 W
-2.6946 -6.561 9.9327 P
6.3467 -4.6339 -3.804 O
-5.0715 1.8383 -8.2797 B
3.4779 5.0004 6.7834 W
-5.0379 -7.5505 6.947 P
6.2972 -0.7805 -2.2067 O
-4.7152 4.5547 -5.008 B
2.6929 6.2252 7.7248 W
-4.755 -5.4008 8.4643 P
8.6436 -5.2971 -1.6291 O
-8.2154 4.6819 -7.3422 B
7.1663 5.295 4.6393 W
-5.7693 -4.8507 5.646 P
8.3835 -2.795 -9.7322 O
-3.1089 0.2617 -6.5434 B
6.7668 8.7901 3.2653 W
-1.1295 -6.8597 3.7931 P
6.8795 -5.1916 -1.6588 O
-5.1251 3.4161 -1.6835 B
6.2468 8.2244 1.9928 W
-1.2251 -6.8099 6.8067 P
6.0499 -1.1298 -7.2598 O
-9.159 3.5215 -7.5793 B
4.2249 6.7294 4.5924 W
-0.5707 -9.7853 6.9911 P
9.6191 -5.0019 -9.5786 O
-7.3567 4.7977 -9.557 B
4.3435 8.4758 2.9374 W
-1.5034 -9.2315 6.4094 P
7.64 -1.6704 -1.0216 O
-7.1447 4.4678 -3.6597 B
4.5953 6.6788 1.5701 W
-2.301 -8.7889 3.129 P
8.1266 -4.4435 -2.4341 O
-5.779 1.8824 -1.9965 B
6.08 8.6851 3.47 W
-1.4647 -7.9896 6.7984 P
8.1355 -1.1199 -5.7469 O
-5.9146 4.0183 -5.8969 B
2.1399 6.895 6.0145 W
-0.954 -8.0904 6.3015 P
8.9256 -0.1763 -6.0682 O
-5.0531 4.7034 -8.0471 B
4.6107 6.7268 1.4082 W
-3.6629 -6.4847 2.9753 P
8.798 -4.8946 -5.5082 O
-6.7525 3.8047 -5.0469 B
2.0535 6.3816 6.593 W
-1.1087 -9.086 4.236 P
6.5865 -1.8064 -5.4524 O
-7.1775 3.4381 -4.6147 B
1.2372 8.1038 9.1008 W
-3.5541 -6.2607 7.5506 P
6.5178 -3.7093 -3.2418 O
-5.4325 4.822 -1.8106 B
2.7568 9.6712 4.1057 W
-1.8981 -7.2266 2.8227 P
7.0324 -2.421 -7.6097 O
-8.6563 4.5345 -9.631 B
1.7749 9.9514 3.7809 W
-2.8128 -5.8516 8.3362 P
6.7533 -5.098 -7.068 O
-8.6591 4.4716 -2.517 B
2.0626 7.7138 8.1559 W
-4.5564 -5.7014 5.5906 P
7.5463 -4.7609 -2.7251 O
-8.8575 3.5944 -7.3097 B
6.1168 8.1234 8.2302 W
-5.6303 -4.0618 7.3476 P
9.5897 -0.9252 -3.3649 O
-5.8717 5.5866 -7.1046 B
3.7312 7.1931 7.5739 W
-4.2099 -5.8405 4.0434 P
7.4333 -2.3056 -6.0184 O
-8.8976 1.3791 -1.1141 B
0.6283 9.6967 5.9156 W
-3.8266 -5.8307 7.5478 P
6.8156 -4.7437 -3.0077 O
-4.0441 4.8577 -4.4772 B
2.4476 6.6669 5.404 W
-0.7385 -9.2221 2.7512 P
8.0438 -3.9508 -8.0921 O
-4.7904 4.7397 -9.0699 B
6.4703 9.5046 6.8671 W
-5.1733 -6.4625 3.8042 P
9.7867 -3.2579 -5.8657 O
-6.4925 5.245 -3.966 B
7.6622 8.4747 9.2747 W
-0.2823 -6.7651 4.7991 P
7.9131 -5.3812 -8.0401 O
-7.3871 5.772 -5.5188 B
3.6562 7.4425 6.6781 W
-0.6895 -9.3358 3.2816 P
8.3654 -2.8318 -4.8843 O
-6.4639 4.4427 -6.3435 B
6.0448 9.7374 2.8547 W
-2.8317 -5.0708 9.1886 P
7.7118 -2.0871 -9.0722 O
-7.5548 1.3371 -1.4139 B
6.3806 5.4756 3.8852 W
-2.5577 -9.0134 7.6603 P
7.1559 -0.3009 -2.0506 O
-8.4414 5.9907 -1.8919 B
5.9253 9.5766 9.3481 W
-4.3282 -5.5344 7.4883 P
8.7532 -0.9319 -2.6695 O
-6.8128 3.7117 -8.4582 B
2.2542 5.411 9.5028 W
-5.8788 -4.0523 3.7182 P
9.3463 -1.888 -5.6574 O
-5.9728 4.8867 -2.2111 B
4.787 6.2737 3.1234 W
-4.7448 -5.7794 9.1306 P
6.3221 -3.2791 -3.2752 O
-3.8742 3.4653 -8.3759 B
4.7665 9.0804 1.1734 W
-3.9209 -5.7562 2.2198 P
6.6108 -5.7307 -9.923 O
-7.554 4.3451 -8.0535 B
0.3601 8.5321 5.7945 W
-3.0287 -6.2147 6.1882 P
7.535 -1.2707 -5.029 O
-9.3206 4.1659 -8.3648 B
0.2738 5.3334 4.8911 W
-1.4764 -7.476 8.3546 P
7.6639 -1.6873 -3.952 O
-9.5542 0.9171 -3.2978 B
6.5672 6.0463 3.4329 W
-1.0871 -8.9267 8.3159 P
6.0715 -5.1169 -5.2234 O
-8.3619 5.3565 -4.2455 B
6.3426 5.6412 9.4579 W
-3.7026 -8.4812 7.2419 P
6.5213 -5.1824 -3.1201 O
-9.0739 1.2128 -6.1346 B
2.5538 9.6236 9.0246 W
-5.1667 -4.4593 6.2703 P
8.7924 -4.3998 -7.2158 O
-4.635 4.323 -9.0101 B
2.9315 8.3534 5.4125 W
-3.9881 -4.3577 4.3839 P
6.1991 -5.5523 -7.0828 O
-7.4547 5.2778 -4.2719 B
4.7719 7.3752 3.0417 W
-2.3086 -6.3625 6.3578 P
9.2598 -0.1511 -7.7478 O
-8.4919 4.6632 -3.7461 B
2.3032 4.7969 7.7918 W
-3.5618 -7.968 1.7387 P
6.5425 -1.3472 -4.3315 O
-5.5556 3.3914 -5.6135 B
2.0588 6.2233 9.1054 W
-4.9277 -8.9749 1.7493 P
9.624 -1.4644 -7.4681 O
-6.2047 3.2526 -3.7228 B
5.3885 8.3718 6.0651 W
-0.8983 -9.0251 8.8563 P
8.9827 -2.1222 -8.0547 O
-3.3208 1.9932 -9.2114 B
0.7687 8.5779 7.5831 W
-1.6988 -7.7579 7.9752 P
8.2492 -0.1454 -7.2302 O
-3.7339 0.4621 -8.9805 B
0.1837 4.774 8.3863 W
-2.5611 -8.2619 5.2252 P
7.1423 -1.3633 -7.169 O
-5.6196 4.3477 -8.9763 B
6.4784 4.7256 5.7672 W
-3.9368 -6.1912 4.3473 P
6.3513 -2.2525 -7.3652 O
-6.9931 0.2 -1.4329 B
7.6704 5.5259 6.5114 W
-5.066 -7.3341 5.1544 P
8.8107 -0.731 -4.1522 O
-7.0426 0.7974 -4.2662 B
1.9612 5.577 7.6557 W
-1.2484 -5.6492 1.105 P
7.8107 -3.5919 -3.9963 O
-3.5457 1.2251 -1.1418 B
4.4478 5.4853 8.5564 W
-5.432 -7.8053 9.0245 P
8.6532 -4.773 -7.284 O
-9.2094 2.8535 -6.4893 B
0.334 9.5953 2.485 W
-3.4165 -4.5715 5.3133 P
9.0992 -2.135 -1.8037 O
-8.1479 5.1042 -2.6547 B
4.9926 9.3361 4.7109 W
-1.8825 -9.7377 2.6741 P
9.1191 -5.8465 -8.966 O
-6.3718 3.3581 -6.6037 B
6.7313 8.5426 8.6528 W
-5.2774 -4.2509 5.0697 P
7.6581 -5.6722 -8.0884 O
-5.207 2.4744 -3.3029 B
2.42 5.2306 8.3772 W
-5.9382 -4.1863 6.9549 P
6.9988 -2.0535 -9.4826 O
-6.3186 5.9378 -2.5842 B
6.3506 4.0462 2.671 W
-3.1166 -8.3593 1.5234 P
8.6615 -5.3891 -8.1319 O
-5.7274 0.7609 -9.5978 B
0.4763 6.608 6.1373 W
-5.3984 -4.2767 3.3223 P
6.4286 -5.5192 -6.0707 O
-7.2897 3.0558 -5.1483 B
1.4817 7.1184 2.7674 W
-0.7132 -9.6418 9.6853 P
9.5431 -4.2896 -5.6506 O
-6.2181 1.2816 -7.5856 B
2.4775 6.1923 9.6861 W
-4.2469 -5.3338 2.5178 P
6.4518 -5.4618 -7.4343 O
-4.9864 3.2809 -1.3962 B
7.7315 8.1099 9.695 W
-4.6877 -6.507 5.4968 P
8.7531 -2.7696 -6.3821 O
-8.5425 1.0884 -3.6904 B
2.6541 7.6653 7.9582 W
-2.1705 -8.7958 8.3585 P
9.6312 -1.2437 -6.0796 O
-8.8924 4.0707 -9.0856 B
6.0877 8.799 8.2589 W
-4.1228 -6.8046 5.7926 P
9.2609 -3.6717 -4.4818 O
-9.6411 1.729 -6.3519 B
0.6418 6.3746 1.7914 W
-0.6433 -4.2432 7.9829 P
7.0321 -4.956 -5.2879 O
-6.4008 4.1417 -3.0253 B
1.7938 7.3866 5.124 W
-5.6482 -7.1192 8.3347 P
7.8855 -3.0669 -7.7258 O
-5.8101 5.4936 -9.8261 B
2.044 9.5831 4.4353 W
-4.5769 -7.28 8.6415 P
7.937 -2.4069 -1.3857 O
-3.6243 0.7362 -4.061 B
7.3944 5.5757 1.7046 W
-1.3624 -9.6174 5.6511 P
8.8252 -5.8217 -4.0724 O
-7.3038 5.2103 -4.9493 B
4.1043 9.4525 6.3014 W
-5.6593 -5.4175 3.2918 P
8.3282 -0.1008 -1.4025 O
-6.3405 4.057 -3.2116 B
6.5183 9.0694 4.0963 W
-5.5841 -8.4611 4.5175 P
6.0563 -5.1866 -3.3299 O
-9.0492 3.3318 -8.5374 B
2.3661 4.5715 9.466 W
-1.3512 -6.8479 6.0242 P
7.8159 -1.7846 -9.2287 O
-5.2164 2.7701 -9.0579 B
7.2176 5.8644 4.0289 W
-5.3176 -5.6417 2.3897 P
8.9616 -1.8413 -5.0455 O
-9.8644 0.7784 -8.2591 B
4.0659 5.5716 8.5151 W
-4.0118 -5.3887 4.5997 P
7.2846 -1.8898 -4.922 O
-4.2012 4.935 -3.502 B
